jails: 
  jail: 
    world: world
    x: -243.99980961501382
    y: 69.0
    z: 215.04665937245355
    yaw: 82.49907
    pitch: 65.24998
  oblivious: 
    world: world
    x: -6.067330049786052
    y: 67.0
    z: -10.727269610467154
    yaw: 26.79502
    pitch: 10.613544
  super: 
    world: lauderdale
    x: 21.572105887146726
    y: 62.0
    z: 25.436002324731042
    yaw: -0.53759766
    pitch: -31.190222
