world: trenchwarfare
x: -26.92137751829632
y: 15.0
z: 99.24560672953926
yaw: -275.94196
pitch: 7.0080566
name: castle
