world: world
x: -182.3536251254252
y: 42.0
z: -117.4321516715479
yaw: -240.54431
pitch: 54.00005
name: chunkerrorz
