world: hotel
x: 57.5
y: 73.0
z: -63.5
yaw: -2.1232748
pitch: -4.2812104
name: cluboresome
