world: fixedfosscrest
x: 229.0428817210078
y: 74.21822449885937
z: -1293.202304514466
yaw: 125.17554
pitch: 8.929618
name: darkoak
