world: hauntedhartshire
x: 177.64932373374364
y: 57.0
z: -132.79215396301518
yaw: -258.2698
pitch: 59.319294
name: hh
