world: oasis
x: 51.35275847481894
y: 82.0
z: -152.7121916666419
yaw: 60.02054
pitch: 24.185072
name: oasis
