world: world
x: -12.278658679869434
y: 64.0
z: -25.88304054415844
yaw: -48.301086
pitch: 14.4767885
name: spawn
