world: Stratton
x: 34.14356613617501
y: 73.0
z: -0.17448969211394477
yaw: 68.38613
pitch: 51.292202
name: stratton
